# name: rnd
# type: uint32 matrix
# ndims: 2
 625 1
 3108164334
 4099531798
 902526962
 4042794967
 3421823128
 805937511
 2282583077
 3489377732
 1506049858
 2064826503
 2103328233
 1846346219
 2738186565
 876413654
 3171981513
 1529287852
 3882492872
 1176294027
 730664550
 2918734965
 2843821884
 1466337429
 3534083158
 739194350
 1177448958
 476932001
 1100435573
 638760369
 1132529970
 4176480584
 4131620327
 1913112379
 977161493
 395229106
 1942990397
 2474009727
 3624973427
 3067872050
 3345555716
 908471430
 189303219
 1339802551
 487596298
 1991448093
 2377620501
 1960633330
 2741690494
 2241879832
 3880947915
 1104985979
 750960727
 3283352888
 42241623
 3349660884
 234270594
 585333667
 3778095798
 2381376107
 2664941482
 2987166037
 2067825064
 147243205
 2469620359
 1722127284
 780693282
 2826019910
 1914326385
 1486774040
 1213956845
 2593082415
 1840109460
 1715338422
 2702680641
 1251412905
 377749978
 2232755355
 3516808121
 2876126786
 757060311
 3189689694
 2106064138
 1765393129
 2459027397
 2004100356
 2949527438
 622534916
 3723281547
 2252617797
 1350782364
 3451236911
 3043455828
 3200695769
 1480287715
 3308894193
 513668528
 3158680861
 3619660010
 2726611739
 297085503
 3689235858
 4123406582
 2291213562
 3185091949
 3491261969
 789740775
 2877076824
 2420183712
 1302794333
 504276643
 247954329
 2531571491
 2536582053
 3702904135
 505809887
 3129776468
 75092266
 134962300
 243697983
 101741833
 752470460
 731245048
 3944082576
 1824536861
 23515396
 2989482933
 63873397
 1853619053
 336088540
 3321508696
 926069743
 2271868430
 1666246351
 2066724710
 1607932213
 2384154521
 490896897
 353334455
 1980941423
 3149960654
 4121286007
 912593234
 2966411407
 911147276
 40173149
 2482487363
 949360110
 2139199282
 1502445917
 2526411836
 2140411008
 3159163588
 813925489
 4168812110
 3209562120
 1115542732
 2491900292
 3005842742
 3328617285
 3618245517
 1430994477
 1499259999
 3032070580
 699827132
 2295253584
 468509466
 921776842
 1403058812
 1561844493
 926896651
 2326411522
 2133395824
 1567636355
 2430374679
 3240400001
 442097644
 3584578068
 3755820913
 2065999810
 1847989436
 1679608127
 1555783820
 1767780390
 4148418434
 2731297263
 3081637825
 3519586977
 3780496493
 1996204883
 950223980
 1707015522
 2210997157
 1613153592
 658554873
 656665072
 992065216
 428575211
 2776384047
 866327010
 2675759072
 390591150
 1052056603
 2342053197
 3205865836
 3554446071
 598977631
 3384876954
 1314791812
 1035838768
 4099987267
 4196965905
 1273723282
 3857738009
 2497650846
 2938675595
 631872020
 1122735617
 1536212058
 1832700563
 1355788781
 3576393115
 608931620
 1304824043
 2633474227
 2259824573
 2289213937
 1278994503
 1627710204
 2037478167
 1865302108
 2139643616
 199097863
 2756449318
 2953613731
 3112492168
 125870313
 3248968725
 4174558232
 3248669504
 2670975984
 1678141485
 3176161826
 565137987
 4152519198
 1046181546
 2154120469
 399874773
 3350466290
 2998755232
 666104266
 3179322669
 1404760130
 302742146
 2881673243
 3392779900
 2981930100
 3868916295
 1904164697
 1773527765
 1817584458
 999116410
 592283856
 1997569060
 3860065728
 651626167
 2804775375
 3697207606
 192183911
 372959847
 3534945308
 3997675118
 533358698
 557048730
 378709856
 1410815390
 2460212619
 2138708069
 2752473861
 1238522179
 1335317736
 4153538507
 3122991492
 657798760
 2463243727
 3431881794
 2482481019
 1054247970
 66107071
 3889902933
 550605058
 3973277075
 911790241
 3573817216
 3315960764
 2432278059
 2184340985
 3338828358
 1524419984
 1350580434
 170059228
 312394829
 1002904728
 3078175980
 63376575
 4033194478
 1665016624
 446877100
 1067367198
 174719617
 1433974871
 2995519160
 2027147932
 1444597474
 3864161973
 726850628
 1018601078
 427693184
 1841224486
 3670511051
 4038406498
 620445443
 1905975545
 919437602
 3521878753
 3576654565
 2064086320
 4121793529
 107121144
 3436510536
 3558848461
 582486392
 3086300260
 2377793627
 1697739735
 1915926270
 4253307754
 2788207943
 1419881100
 3681834243
 3573337579
 1785938223
 4198008211
 1415064211
 325368117
 2082895340
 3905853465
 179218731
 3426445194
 764658451
 3972809703
 4054506886
 1505140388
 1912919796
 1754812721
 3518881845
 3188693135
 3250505213
 2579652885
 1739772700
 3003716939
 2391487807
 2578288157
 825219633
 1403632989
 1954092
 73983037
 1104419042
 2485137104
 524432619
 1041679797
 3928119927
 4273532402
 1006153794
 2370544087
 1239267248
 3469870209
 2821097148
 3100921682
 2453891972
 956515426
 3205414075
 4145637387
 342812635
 1835270753
 1973422817
 3317650531
 3657152087
 4064878309
 1058535543
 2309712434
 2104714476
 2861690478
 4109068373
 1590344068
 591639594
 3427983845
 3100294678
 4254535124
 1094547794
 2304058757
 468963868
 222211216
 4198766032
 3359513815
 3540739141
 1468364884
 556420890
 1024514998
 3012024005
 3528904904
 532530118
 2576383279
 996206326
 1405250961
 4033065058
 222423449
 1529221853
 598234342
 3537301615
 286699890
 2047900466
 321318956
 2217126849
 1202020202
 2293618661
 1010884569
 3632989254
 1246633797
 2748949915
 3851916160
 3954377298
 3764130427
 2740369388
 677265591
 2725310521
 2549233907
 3703699321
 2856993200
 4010909463
 1864896464
 3900135416
 3262007870
 2616531099
 370530261
 2869175472
 1424652775
 4096723764
 3454556781
 2417919217
 2793907677
 2766696779
 4274843952
 633207069
 1813343297
 664530719
 2835571231
 1745573802
 2182203290
 2203218144
 1894400322
 4053470308
 3179893179
 2569269747
 3472487514
 1989311105
 3622688935
 3985218747
 3454314367
 3658492049
 411387687
 2484290789
 3546713743
 846813151
 2346445936
 1060060014
 3353596721
 887667061
 1192164629
 1480606063
 1832189482
 3100884179
 2978623146
 2162207776
 2850911309
 1822192389
 4115622170
 189304328
 769941525
 932630745
 856959676
 3118511627
 1531465087
 2499829162
 687458935
 2639488477
 2754582174
 178672541
 4160356628
 2307792709
 3504586303
 4248109692
 1252765841
 282452608
 1871495726
 840121100
 4207410482
 2147983043
 2359992576
 1611534797
 3607834336
 1316617760
 2644895245
 1365299963
 2037188928
 1528214742
 2517310577
 900374888
 865250059
 2733358636
 3871559563
 281968726
 3271103427
 3453441467
 170640803
 2509945005
 4045522655
 2669350325
 964580219
 3051511850
 1696732994
 1100723675
 3717350026
 3930959651
 2893080638
 995407191
 1661293288
 4030257571
 2810236031
 3891879502
 2950997393
 2817204992
 2573743902
 1855424845
 3804070127
 1202621765
 311402648
 791244530
 577131979
 1224303215
 3942098557
 33767927
 2213670973
 4103444144
 3177286702
 802751928
 3195414649
 3863480425
 3522348345
 2646706303
 542988385
 385381335
 2838252319
 1805965016
 4182507414
 3444270130
 2859015868
 2687141409
 3554894466
 3936291503
 3837225043
 4026098879
 2055501602
 2694488741
 1010002285
 3171053802
 1406261169
 2862533251
 2555443626
 1319711845
 683476231
 2641352144
 1301718934
 3740967222
 405172975
 2532475718
 4220131249
 3002071156
 3039093058
 2815865604
 916198442
 3156972217
 3523785312
 4261580344
 1973634566
 168250843
 2190211851
 3152246136
 429993453
 1996959125
 2999918705
 241345155
 3529784743
 3890323126
 1607690930
 2129770348
 905337599
 2298035651
 2525622231
 2216587041
 3957728890
 2866824497
 2215027832
 4263438887
 1612516124
 322296480
 3620836654
 1576981969
 2810416445
 4020861574
 2879038518
 2367303907
 4283701285
 2904744655
 1348702139
 2704696483
 337


